[[16,17],[17,2]]
[[20,21,22,23,26,28,29,30,31,32],[22,3]]
[[38,39,40,41,42],[38,3]]
[[105,106],[105,3]]
[[108,109,110,111,112],[112,3]]
[[139,140,141],[139,3]]
[[176,177,178,179,180,181,182,183,184], [176,3]]
[[277,278,279,280],[277,3]]
[[282,283,284,285,286,287,288],[282,3]]
[[297,298,299,300,301],[297,3]]
[[302,303,304],[302,3]]
[[308,309,310,311,312,313,314],[308,3]]
[[316,321],[316,3]]
[[322,323,324,325,326,327,328,329,330,331],[322,3]]
[[356,357,358,359,360],[356,3]]
[[362,363,364,365,366],[366,3]]
[[367,368,369,370],[367,3]]
[[371,372,373,374,375,376,377],[371,3]]
[[379, 380, 381, 382, 383, 384, 385, 386, 387, 388, 389, 390, 391, 392, 393],[379,3]]
[[399,400],[399,3]]
[[417, 418, 419, 420, 421],[417,3]]
[[427,428,429,430],[427,2]]
[[433,434,435,436,437,438],[433,2]]
[[439, 440, 441, 442, 443, 444, 445],[439,3]]
[[462,463,464],[462,3]]
[[469,470,471],[469,3]]
